testRngField
Expected :       3.1462643699419726
Mean     :       3.1352848586600026
Var      :       0.0197882140558002
testRngBlock
Expected :      64.0000000000000000
Mean     :      56.3709667347011560
Var      :       5.6231659155063340
testGaussianRngProb
Expected:       0.6826894921370000
Find-out:       0.6829748153686523
Find-out:       0.6825761795043945
testRngApi
